Table:usuarios
123456|coca|caca|23/09/2021
11111111|Johann|Holzmann|01/01/1991
22222222|pepee|gimenez|02/02/1992
33333333|claudio|merce|03/03/1993

Table:reuniones
1|Santiago|1
2|Rosari|2
3|Chaco|3
4|Rosario Central|4
5|Rosario Central|5
6|Rosario Central|6
7||7
8||8
9||9
10||10
11||11
12||12
13|Chaqueño viejo|13
14|keke|14
15|keke|15
16|kuku|16
17|Panama papers|17
18|Pepe|18
19||19
20|noimporta|20
21|noimporta|21
22||22
23||23
24||24
25||25
26||26
27||27
28||28
29||29
30||30
31||31
32||32
33||33
34||34
35||35
36||36
37||37
38||38

Table:gastos
1|22222222|12346|23/9/2021|0|1
2|11111111|100|23/9/2021|1|2
3|22222222|200|23/9/2021|1|3
4|1234788|300|23/9/2021|0|4
5|11111111|50|23/9/2021|0|5
6|1234788|25|23/9/2021|0|6
7|1234788|50|23/9/2021|0|7
8|11111111|50|23/9/2021|0|8
9|1234788|25|23/9/2021|0|9
10|11111111|25|23/9/2021|0|10
11|1234788|25|23/9/2021|0|11
12|1234788|1231231|23/9/2021|0|12
13|1234788|1000|23/9/2021|0|13
14|1234567|500|23/9/2021|1|14
15|22222222|1000|23/9/2021|0|15
16|11111111|200|23/9/2021|0|16
17|33333333|1000|23/9/2021|0|17
18|33333333|123|23/9/2021|0|18
19|123456|1,23|23/9/2021|1|19
20|123456|0,615|30/9/2021|0|20
21|11111111|1|30/9/2021|0|21
22|33333333|38,4375|30/9/2021|0|22
23|33333333|76,875|30/9/2021|0|23
24|33333333|76,875|30/9/2021|0|24
25|33333333|76,875|30/9/2021|0|25
26|33333333|76,875|30/9/2021|0|26
27|33333333|76,875|30/9/2021|0|27
28|33333333|76,875|30/9/2021|0|28
29|33333333|76,875|30/9/2021|0|29
30|33333333|76,875|30/9/2021|0|30
31|33333333|38,4375|30/9/2021|0|31
32|33333333|76,875|30/9/2021|0|32
33|11111111|0,385|30/9/2021|0|33
34|123456|2|30/9/2021|0|34
35|123456|78,875|30/9/2021|0|35
36|33333333|175,385|30/9/2021|0|36
37|33333333|330,385|30/9/2021|0|37
38|33333333|175,385|30/9/2021|0|38

Table:deudas
5|22222222|33333333|166|17||0
8|11111111|123456|0,8075|34||0
11|11111111|33333333|165,1925|37||0
12|123456|33333333|48,255|38||0

